# unix_time, cycles_done, cur_path, paths_total, pending_total, pending_favs, map_size, unique_crashes, unique_hangs, max_depth, execs_per_sec
1520926018, 0, 0, 1, 1, 1, 0.10%, 0, 0, 1, 400.00
1520926023, 0, 0, 6, 6, 1, 0.10%, 0, 0, 2, 653.44
1520926028, 0, 0, 8, 8, 1, 0.10%, 2, 0, 2, 668.46
1520926033, 0, 0, 12, 12, 1, 0.10%, 3, 0, 2, 658.21
1520926038, 0, 0, 12, 12, 1, 0.10%, 4, 0, 2, 653.97
1520926044, 0, 0, 15, 15, 1, 0.10%, 4, 0, 2, 648.32
1520926059, 0, 0, 18, 18, 1, 0.10%, 4, 0, 2, 658.12
1520926069, 0, 0, 19, 19, 1, 0.10%, 4, 0, 2, 655.09
1520926074, 0, 0, 21, 21, 1, 0.10%, 4, 0, 2, 672.19
1520926079, 0, 0, 22, 22, 1, 0.10%, 4, 0, 2, 696.67
1520926089, 0, 0, 23, 23, 1, 0.10%, 4, 0, 2, 682.45
1520926114, 0, 0, 24, 24, 1, 0.10%, 4, 0, 2, 671.92
1520926119, 0, 0, 25, 25, 1, 0.10%, 4, 0, 2, 662.26
1520926129, 0, 0, 26, 26, 1, 0.10%, 4, 0, 2, 675.74
1520926140, 0, 0, 28, 28, 1, 0.10%, 4, 0, 2, 682.68
1520926145, 0, 0, 29, 29, 1, 0.10%, 4, 0, 2, 680.65
1520926155, 0, 0, 30, 30, 1, 0.10%, 4, 0, 2, 690.36
1520926160, 0, 0, 32, 32, 1, 0.10%, 4, 0, 2, 681.69
1520926165, 0, 0, 33, 33, 1, 0.10%, 5, 0, 2, 680.03
1520926201, 0, 0, 34, 34, 1, 0.10%, 5, 0, 2, 648.10
1520926211, 0, 0, 35, 35, 1, 0.10%, 5, 0, 2, 663.23
1520926216, 0, 0, 37, 37, 1, 0.10%, 5, 0, 2, 648.31
1520926221, 0, 0, 38, 38, 1, 0.10%, 5, 0, 2, 642.08
1520926312, 0, 0, 39, 39, 1, 0.10%, 5, 0, 2, 625.46
1520926317, 0, 0, 41, 41, 1, 0.10%, 5, 0, 2, 647.57
1520926388, 0, 0, 42, 42, 1, 0.10%, 5, 0, 2, 662.10
1520926413, 0, 0, 43, 43, 1, 0.10%, 5, 0, 2, 659.03
1520926434, 0, 0, 44, 44, 1, 0.10%, 5, 0, 2, 693.96
1520926455, 0, 0, 45, 45, 1, 0.10%, 5, 0, 2, 701.11
1520926465, 0, 0, 46, 46, 1, 0.10%, 5, 0, 2, 681.47
1520926521, 0, 0, 47, 47, 1, 0.10%, 5, 0, 2, 660.03
1520926739, 0, 0, 47, 47, 1, 0.10%, 6, 0, 2, 653.04
1520926824, 0, 0, 48, 48, 1, 0.10%, 6, 0, 2, 746.65
1520926850, 0, 0, 48, 48, 1, 0.10%, 7, 0, 2, 746.80
1520926936, 0, 0, 48, 48, 1, 0.10%, 8, 0, 2, 708.71
1520927510, 0, 0, 48, 48, 1, 0.10%, 9, 0, 2, 683.61
1520927834, 0, 0, 50, 50, 1, 0.10%, 10, 0, 2, 704.05
1520928930, 0, 0, 52, 52, 1, 0.10%, 10, 0, 2, 695.48
1520928936, 0, 0, 53, 53, 1, 0.10%, 11, 0, 2, 691.20
1520928941, 0, 0, 53, 53, 1, 0.10%, 12, 0, 2, 696.79
